[version]
version=2

[parameters]
number_of_generators=60
zoom=441.421411145971
rotation=0
local_elastic=10
global_elastic=202.804958378823
friction=0.620385073773581
charge_squared=0.00153381067932447
shift_x=45.5985655724538
shift_y=-371.181765540182
time_quant=0.001
time_frame=50

[points]
g0=1
x0=-12.562259661912
y0=-38.4021713620206

g1=0
x1=-12.3586592299576
y1=-38.1569103523717
g2=3
x2=-13.0077450547298
y2=-3.96138105300168
g3=7
x3=-36.6932598784777
y3=11.1733748745145
g4=6
x4=-36.4460200502466
y4=10.9675618865175
g5=5
x5=-13.0076061920594
y5=-3.91036965889406
g6=4
x6=-12.9781961569198
y6=-3.92877705618196
g7=3
x7=-12.9496112294148
y7=-3.94667552810959
g8=2
x8=-3.19309595760385
y8=-10.1489584103695
g9=1
x9=-3.07859243809733
y9=-10.221666254845
g10=3
x10=-0.190213492570784
y10=-1.04148799490539
g11=5
x11=-12.9539193749767
y11=-3.89681315187435
g12=4
x12=-0.182434610810652
y12=-1.02361729774628
g13=6
x13=-9.26913508815459
y13=1.97672725404165
g14=5
x14=-0.176453670601517
y14=-1.0127487519204
g15=4
x15=-0.165342663723438
y15=-1.01770420382166
g16=3
x16=-0.147493593349853
y16=-1.02780878482324
g17=2
x17=-0.0619337724924713
y17=-1.08416402690569
g18=7
x18=-9.19657889844832
y18=2.09235795918644
g19=9
x19=-3.01409595579977
y19=12.015271340188
g20=8
x20=-2.9993692365388
y20=11.9568043365636
g21=7
x21=-0.132978462679139
y21=-0.883968553579537
g22=6
x22=-0.119492677551661
y22=-0.926773546994659
g23=5
x23=-0.0961325031474274
y23=-0.985833396154834
g24=4
x24=-0.0882165973962128
y24=-1.00400475708272
g25=3
x25=-0.0569205302238485
y25=-1.07298069935629
g26=2
x26=-0.0510909220185918
y26=-1.0901008079475
g27=1
x27=2.78337874265287
y27=-13.9431069875895
g28=0
x28=2.79698439343424
y28=-13.9971165596896
g29=1
x29=2.81530504061454
y29=-13.9674909736322
g30=9
x30=-2.98151038950581
y30=11.9856708466694
g31=10
x31=-2.96318071129427
y31=12.0153107265561
g32=9
x32=-2.94959129032706
y32=11.9612627485608
g33=8
x33=-0.115108537453343
y33=-0.891712567693468
g34=7
x34=-0.109278901967839
y34=-0.908832661703792
g35=6
x35=-0.0779827495544116
y35=-0.977808514061905
g36=5
x36=-0.0700668419362321
y36=-0.995979867907643
g37=4
x37=-0.0467067231556363
y37=-1.05503975970238
g38=3
x38=-0.0332209708342633
y38=-1.09784482901604
g39=2
x39=2.83316718430991
y39=-13.9386189388279
g40=1
x40=2.84790991734141
y40=-13.997037146175
g41=3
x41=9.03037512576796
y41=-4.07417727589688
g42=8
x42=-0.104265675888149
y42=-0.897649370063914
g43=7
x43=-0.0187059606541257
y43=-0.954004774249118
g44=6
x44=-0.000856920631922237
y44=-0.964109378151444
g45=5
x45=0.0102540661853744
y45=-0.969064838020124
g46=4
x46=9.102931788593
y46=-3.95854677193409
g47=6
x47=0.0162349639873203
y47=-0.958196366769052
g48=5
x48=12.7877221307138
y48=1.91496247480159
g49=7
x49=0.0240137928587398
y49=-0.940325791115155
g50=9
x50=2.91239332831966
y50=8.23985026725094
g51=8
x51=3.02689707508614
y51=8.16714303716036
g52=7
x52=12.7834437817812
y52=1.96484194361621
g53=6
x53=12.8120002048163
y53=1.94696128941702
g54=5
x54=12.8413686682867
y54=1.92857985275464
g55=4
x55=36.279187328147
y55=-12.9490814447044
g56=3
x56=36.5276550343732
y56=-13.1554542610761
g57=7
x57=12.8415317279411
y57=1.97961283916492
g58=10
x58=12.1922118064495
y58=36.1745596331509
g59=9
x59=12.3963097709248
y59=36.4209085278044
