[version]
version=2

[parameters]
number_of_generators=60
zoom=1495.17718919145
rotation=0
local_elastic=10
global_elastic=19000.9588187085
friction=0.773047404432998
charge_squared=0.000409734978979787
shift_x=75.1696372936809
shift_y=-1477.75483971883
time_quant=0.000670320046035639
time_frame=50

[points]
g0=1
x0=-8.708316053973
y0=-17.4081052000612

g1=0
x1=-0.710218840848328
y1=-2.37665158821236
g2=3
x2=-0.231254087169172
y2=-1.04803190606092
g3=2
x3=-0.207199897751712
y3=-1.04073693772863
g4=7
x4=-16.5233895614468
y4=7.65099959727411
g5=6
x5=-1.47540798254152
y5=-0.355750937467163
g6=5
x6=-0.218767855202219
y6=-1.02619032358859
g7=4
x7=-0.215445410775923
y7=-1.02782207919246
g8=3
x8=-0.203503206325333
y8=-1.03330496400531
g9=2
x9=-0.196093696947
y9=-1.03684206657351
g10=1
x10=-0.0537458466263652
y10=-1.10957672100427
g11=5
x11=-0.213581674064448
y11=-1.02490884112399
g12=4
x12=-0.197739859073605
y12=-1.02137770554234
g13=6
x13=-0.207156449970699
y13=-1.01284314805009
g14=5
x14=-0.196213583995501
y14=-1.01839226279453
g15=4
x15=-0.193162578148878
y15=-1.02000279795817
g16=3
x16=-0.176356373086012
y16=-1.02931790120163
g17=2
x17=-0.0481969952049267
y17=-1.09863443695451
g18=9
x18=-0.145626427756538
y18=-0.835328069429334
g19=8
x19=-0.138318984933785
y19=-0.859393488031308
g20=7
x20=-0.134425028584544
y20=-0.870492644901014
g21=6
x21=-0.126898373892165
y21=-0.890234770143754
g22=5
x22=-0.0920699195330117
y22=-0.980149554031711
g23=4
x23=-0.086438616067585
y23=-0.994489718602234
g24=3
x24=-0.0465867377451942
y24=-1.09558399152536
g25=2
x25=-0.0452114803354122
y25=-1.10016071968164
g26=1
x26=-0.0416753241084646
y26=-1.11600296936667
g27=0
x27=-0.040390352898607
y27=-1.12118306715664
g28=1
x28=-0.0387612399636952
y28=-1.11786576518371
g29=2
x29=-0.0332799350806776
y29=-1.10592593072245
g30=8
x30=-0.130890760161816
y30=-0.863088308938709
g31=9
x31=-0.125407831603941
y31=-0.851144494998099
g32=10
x32=-0.123777346684061
y32=-0.84782442977498
g33=9
x33=-0.122493968256322
y33=-0.853008581281972
g34=8
x34=-0.118959320825887
y34=-0.868853596952818
g35=7
x35=-0.117584169486888
y35=-0.873430378052589
g36=6
x36=-0.0777305333312075
y36=-0.974519000064785
g37=5
x37=-0.0720991258899097
y37=-0.98885918728759
g38=4
x38=-0.0372714478502488
y38=-1.07877781626979
g39=3
x39=-0.0297443921800421
y39=-1.09851928398025
g40=2
x40=-0.0258462614582571
y40=-1.10962338262896
g41=1
x41=-0.0185340894665567
y41=-1.13366504227021
g42=8
x42=-0.115973884929829
y42=-0.870379873388857
g43=7
x43=0.0121854622154216
y43=-0.939697542082713
g44=6
x44=0.0289924817740419
y44=-0.949013560784179
g45=5
x45=0.0320425946294488
y45=-0.950623670942559
g46=4
x46=0.0429888475373165
y46=-0.956174576481929
g47=6
x47=0.0335687784241491
y47=-0.947638304462932
g48=5
x48=0.049417617426354
y48=-0.944098629122742
g49=9
x49=-0.110424016146163
y49=-0.859435574552088
g50=8
x50=0.0319338484400338
y50=-0.93216854241535
g51=7
x51=0.0393362914150916
y51=-0.935701565705255
g52=6
x52=0.0512807314310232
y52=-0.941184001334724
g53=5
x53=0.0545957831029847
y53=-0.942811831076081
g54=4
x54=1.3119014696658
y54=-1.61360720213218
g55=3
x55=16.3600480242845
y55=-9.62044506284958
g56=8
x56=0.0430318294436922
y56=-0.928271571867356
g57=7
x57=0.0670893041716075
y57=-0.920946095076552
g58=10
x58=0.546049926931523
y58=0.407641512847227
g59=9
x59=8.54417727560809
y59=15.4391523619946
