[version]
version=2

[parameters]
number_of_generators=28
zoom=62.1779229347608
rotation=0
local_elastic=34.5561346476267
global_elastic=585.370348344329
friction=0.314297620183677
charge_squared=0.032064685327861
shift_x=640.939128815957
shift_y=-32.9963767028251
time_quant=0.0154869850963399
time_frame=50

[points]
g0=1
x0=-169.900680160627
y0=-172.479745064529

g1=0
x1=-11.0770862700305
y1=-2.17189905529086
g2=2
x2=-13.5732953977577
y2=-2.01197456884283
g3=1
x3=-11.0539474124399
y3=-2.08021341428946
g4=0
x4=-10.9957403148049
y4=-2.08204841651158
g5=3
x5=-11.9607837140194
y5=-0.240967059992015
g6=4
x6=-11.9200571576415
y6=-0.197078392517048
g7=3
x7=-11.8301590274048
y7=-0.250151866775364
g8=2
x8=-10.7081975251097
y8=-0.869836359163983
g9=1
x9=-10.1965663617423
y9=-1.16444861584586
g10=6
x10=-91.1650739305381
y10=205.306271447586
g11=5
x11=-10.9682346789015
y11=0.825351570953201
g12=4
x12=-10.5687592752818
y12=-0.263336511544892
g13=3
x13=-10.5407773456641
y13=-0.330258977187421
g14=2
x14=-10.1654982495354
y14=-1.13027169476132
g15=1
x15=-10.1384299422515
y15=-1.19589976056156
g16=0
x16=-9.80629454676244
y16=-2.13232843010858
g17=4
x17=-10.5225319373872
y17=-0.264773104927592
g18=3
x18=-9.39936058775707
y18=-0.325870976500698
g19=5
x19=-9.99214513685896
y19=1.87697081814075
g20=6
x20=-9.95245470630959
y20=2.0450499765133
g21=5
x21=-9.92032697947031
y21=1.96330473575632
g22=4
x22=-9.12119225228044
y22=-0.0560261842585702
g23=3
x23=-9.00753283012888
y23=-0.344149320625212
g24=2
x24=-8.30631081743476
y24=-2.11977446985023
g25=1
x25=-8.26968046566413
y25=-2.19401272196151
g26=2
x26=-8.16440662611998
y26=-2.19820479536807
g27=3
x27=245.827324444402
y27=-10.5459187923809
