[version]
version=2

[parameters]
number_of_generators=28
zoom=10.3812365627318
rotation=0
local_elastic=121.824939607035
global_elastic=0.119104350044814
friction=0.10254896296404
charge_squared=0.0023815589136169
shift_x=16.2499138052574
shift_y=60.3749251466709
time_quant=0.001
time_frame=50

[points]
g0=1
x0=-25.9657379412907
y0=-24.0232445224476

g1=0
x1=-4.75662780544866
y1=-7.68334148960997
g2=2
x2=-8.22743138723284
y2=-1.51611810016202
g3=3
x3=-8.16618276458281
y3=-1.44057588251465
g4=2
x4=-8.05296693644304
y4=-1.48638953341169
g5=1
x5=-4.22055532987337
y5=-3.17293466848341
g6=0
x6=-0.933490747511228
y6=-4.66681274149499
g7=4
x7=-6.74137120902553
y7=0.268977838645528
g8=3
x8=-4.08059987464632
y8=-0.830769496761294
g9=2
x9=-3.97570760660592
y9=-0.870040525189111
g10=3
x10=-3.97068724585829
y10=-0.816371589681562
g11=4
x11=-3.57873466088026
y11=4.02551749177644
g12=5
x12=-3.56066937998949
y12=4.21253924301132
g13=4
x13=-3.49841370895864
y13=4.1235893960564
g14=3
x14=-0.265766445849761
y14=-0.45663845888585
g15=2
x15=1.37634466499941
y15=-2.674152551508
g16=1
x16=1.43642433950754
y16=-2.75002775866442
g17=2
x17=1.48045208822115
y17=-2.71348741644013
g18=3
x18=4.61865734065155
y18=-0.0417586508220711
g19=6
x19=0.203728274498769
y19=37.5644084937511
g20=5
x20=3.31440450318779
y20=12.6787423359673
g21=4
x21=4.73550400145662
y21=0.0546328671201464
g22=3
x22=4.74378278559025
y22=-0.0291655724412487
g23=2
x23=5.10262233274228
y23=-4.23692563524363
g24=1
x24=5.38213553027447
y24=-7.41672634435154
g25=0
x25=5.39246398508741
y25=-7.51722179351386
g26=1
x26=5.50113938710479
y26=-7.56193070089169
g27=2
x27=40.7532014237019
y27=-20.7048919109552
