[version]
version=2

[parameters]
number_of_generators=28
zoom=29.3707711132894
rotation=0
local_elastic=53.6555597112197
global_elastic=1.84456729405329
friction=0.29599435167892
charge_squared=0.0023815589136169
shift_x=-3
shift_y=-8
time_quant=0.001
time_frame=50

[points]
g0=1
x0=-3.96671515154279
y0=-5.03850713781366

g1=3
x1=-17.4350809442173
y1=-2.17151813772546
g2=2
x2=-2.10897322043436
y2=-2.44956579924168
g3=4
x3=-3.85105281875996
y3=-1.0510246648801
g4=3
x4=-2.07768622339296
y4=-2.40758477552559
g5=2
x5=-2.02896127484968
y5=-2.44684432506445
g6=1
x6=-1.03285194015702
y6=-3.29027390276002
g7=0
x7=-0.984688903312462
y7=-3.32956340107592
g8=1
x8=-0.979822707749198
y8=-3.26019985386264
g9=2
x9=-0.957744322462997
y9=-2.35623221803136
g10=3
x10=-0.944477313927258
y10=-0.939862125572208
g11=4
x11=-0.94164231345096
y11=-0.870090251482996
g12=3
x12=-0.89380253477456
y12=-0.868420213221406
g13=5
x13=-0.593097713801725
y13=3.90600475498301
g14=4
x14=0.91176488657323
y14=1.91539950974658
g15=6
x15=0.288616913449031
y15=13.0267247373775
g16=5
x16=0.960934169517054
y16=1.99069241057677
g17=4
x17=0.964415237872434
y17=1.84892479311136
g18=3
x18=0.936488206440913
y18=-0.854225217667071
g19=2
x19=0.941172429624098
y19=-2.17911821934901
g20=1
x20=0.942989592567664
y20=-2.22146049691703
g21=0
x21=1.17592464452997
y21=-5.0235551389661
g22=2
x22=1.01712498451035
y22=-2.17681664641669
g23=3
x23=3.04590555645186
y23=-0.821356970173453
g24=4
x24=3.13123676019799
y24=-0.764181364274579
g25=3
x25=3.17101945521841
y25=-0.813349292640368
g26=2
x26=4.33451031102712
y26=-2.28887687456706
g27=1
x27=13.8962991305434
y27=-14.6881207746726
