[version]
version=2

[parameters]
number_of_generators=36
zoom=32.1367424447532
rotation=0
local_elastic=10
global_elastic=31.5711813225038
friction=0.0701292783258544
charge_squared=0.00290884262581257
shift_x=25.6090623773223
shift_y=28.9553459160766
time_quant=0.001
time_frame=50

[points]
g0=0
x0=-10.4141860758843
y0=-10.2418141451441

g1=1
x1=-10.3223233685336
y1=-9.7799930103127
g2=2
x2=-10.308105861927
y2=-9.72644443060318
g3=1
x3=-10.2337339421267
y3=-9.70327198759781
g4=0
x4=-10.109157433448
y4=-9.67481049507877
g5=3
x5=-10.2741318559475
y5=-9.62237859665959
g6=2
x6=-10.138234033613
y6=-9.61860440817881
g7=1
x7=-10.0789421918909
y7=-9.61264456156229
g8=2
x8=-10.0484143382718
y8=-9.54171043828375
g9=4
x9=-6.19296695788699
y9=1.12975695376718
g10=3
x10=-6.08438053487881
y10=1.08925604159661
g11=6
x11=-2.62898469452688
y11=11.9656753063737
g12=5
x12=-2.28985586421729
y12=11.4169346051973
g13=4
x13=-2.25108441457388
y13=11.3596115130542
g14=7
x14=-2.27446748786362
y14=11.6542559370741
g15=6
x15=-2.25224256531023
y15=11.539088208876
g16=5
x16=-2.22662005411581
y16=11.4139692169969
g17=4
x17=-2.20492906780697
y17=11.2977075684298
g18=3
x18=-0.282525592525274
y18=-1.16342725841613
g19=2
x19=-0.209543221701492
y19=-1.63682780453538
g20=1
x20=0.743882129580692
y20=-7.79041565011143
g21=0
x21=0.763244897523823
y21=-7.9046720204473
g22=3
x22=0.163658497226148
y22=-1.33705199448903
g23=2
x23=11.9102503636504
y23=-5.90683484031434
g24=4
x24=5.0083927827255
y24=2.56052456124446
g25=3
x25=11.9868350168839
y25=-5.89776453297902
g26=2
x26=12.0216848081752
y26=-5.94614167501904
g27=1
x27=12.0930932843897
y27=-6.06184034144576
g28=7
x28=-2.23519852967968
y28=11.6151206822508
g29=6
x29=-2.16210801266788
y29=11.5336612696423
g30=5
x30=5.09764560787644
y30=2.63448118594326
g31=4
x31=12.0558257545954
y31=-5.89277482889401
g32=3
x32=12.1428677707313
y32=-5.98643351592644
g33=2
x33=12.2002273146861
y33=-6.03916072062638
g34=3
x34=12.2537919867378
y34=-6.02463301698069
g35=4
x35=12.7004992217256
y35=-5.87249468546398
