[version]
version=2

[parameters]
number_of_generators=36
zoom=1808.04241445606
rotation=0
local_elastic=10
global_elastic=1943.49799960621
friction=1.2745396989482
charge_squared=0.00021605015028148
shift_x=204.056283861532
shift_y=-1837.80652012668
time_quant=0.001
time_frame=50

[points]
g0=0
x0=-0.296871271458846
y0=-1.50398905845931

g1=1
x1=-0.179006339665368
y1=-1.05841799790391
g2=2
x2=-0.177465992697449
y2=-1.0533212647774
g3=1
x3=-0.171056749726916
y3=-1.05124674906125
g4=6
x4=-0.461388124816537
y4=-0.572526220848512
g5=5
x5=-0.19765582747434
y5=-0.951984152247525
g6=4
x6=-0.194464801482582
y6=-0.956249626261596
g7=3
x7=-0.159681447883745
y7=-1.00005803542516
g8=2
x8=-0.142345276939792
y8=-1.0219679480307
g9=1
x9=-0.128073558628906
y9=-1.04052305613417
g10=5
x10=-0.187742365195029
y10=-0.956015648583883
g11=4
x11=-0.150920038417172
y11=-0.973661435548606
g12=3
x12=-0.112275030261418
y12=-0.991771064233441
g13=5
x13=-0.143875360719108
y13=-0.951412750247421
g14=7
x14=-0.133904819613927
y14=-0.898320696678005
g15=6
x15=-0.131663945563453
y15=-0.908793287551201
g16=5
x16=-0.120639725677381
y16=-0.948314275550147
g17=4
x17=-0.109496170735145
y17=-0.989481653933727
g18=3
x18=-0.108901501677481
y18=-0.993032989210169
g19=2
x19=-0.105247010282734
y19=-1.03548654405006
g20=1
x20=-0.102082717252062
y20=-1.0763067194118
g21=0
x21=-0.100606045320526
y21=-1.08690800361095
g22=1
x22=-0.0985085944792637
y22=-1.08201457572192
g23=2
x23=-0.0779017707976332
y23=-1.02984359003475
g24=3
x24=-0.0676338803074627
y24=-1.0039794793311
g25=7
x25=-0.130260964154162
y25=-0.902208170327209
g26=6
x26=-0.0930737522757604
y26=-0.944243810370716
g27=5
x27=-0.0745527305248683
y27=-0.965102470123931
g28=4
x28=-0.0587320900263019
y28=-0.982425249211029
g29=3
x29=-0.0281055767363394
y29=-1.01413000635368
g30=2
x30=-0.0231064761762466
y30=-1.018631107094
g31=3
x31=-0.017921511505321
y31=-1.01741374884358
g32=5
x32=-0.0406721217719726
y32=-0.941884149153977
g33=6
x33=-0.0375147354480104
y33=-0.93593463769341
g34=5
x34=-0.0322252394736503
y34=-0.9352985976927
g35=4
x35=0.427759712228199
y35=-0.896219631817301
