[version]
version=2

[parameters]
number_of_generators=36
zoom=533.788663825561
rotation=0
local_elastic=10
global_elastic=2571.50014349714
friction=0.53933687300356
charge_squared=0.00021605015028148
shift_x=44
shift_y=-495
time_quant=0.001
time_frame=50

[points]
g0=0
x0=-6.87386000115081
y0=-19.8642389396664

g1=1
x1=-0.415831056545254
y1=-1.27731520480976
g2=2
x2=-0.413089802040293
y2=-1.26953352664766
g3=1
x3=-0.403207932034809
y3=-1.26654521280544
g4=6
x4=-12.9852222182316
y4=14.1282350858557
g5=5
x5=-0.322499715930722
y5=-0.952042446583915
g6=4
x6=-0.31287919693551
y6=-0.963412141586158
g7=3
x7=-0.307132364214617
y7=-0.970113289705262
g8=2
x8=-0.202791706106114
y8=-1.09000026456498
g9=4
x9=-0.304687512511324
y9=-0.963135811425629
g10=5
x10=-0.303286567542301
y10=-0.959137836085059
g11=4
x11=-0.295564644475657
y11=-0.962148615853269
g12=3
x12=-0.134841011999627
y12=-1.0281316679529
g13=7
x13=-0.206113753636835
y13=-0.657132496278969
g14=6
x14=-0.203096345972206
y14=-0.67346158793469
g15=5
x15=-0.150621871600262
y15=-0.935356785431388
g16=4
x16=-0.131109316246314
y16=-1.0251038684644
g17=3
x17=-0.130357454890957
y17=-1.02984853841239
g18=2
x18=-0.107248308144803
y18=-1.20219709726402
g19=1
x19=-0.105993947543771
y19=-1.21039463983478
g20=0
x20=-0.102514915707148
y20=-1.23058206649579
g21=2
x21=-0.101829697305305
y21=-1.20960665291276
g22=1
x22=-0.0974818360384774
y22=-1.21656598617363
g23=2
x23=-0.0945501425576593
y23=-1.2082288643706
g24=3
x24=-0.0428632783017488
y24=-1.0577558519671
g25=4
x25=0.00656345215522259
y25=-0.918757523513487
g26=7
x26=-0.20074574359261
y26=-0.663397390344146
g27=6
x27=0.00544931432459516
y27=-0.904737913563255
g28=5
x28=0.0102750035618201
y28=-0.910350947000998
g29=4
x29=0.0130372451237488
y29=-0.913563991775071
g30=3
x30=0.210235479853865
y30=-1.14306205161441
g31=2
x31=0.217768273954769
y31=-1.15011501429918
g32=3
x32=0.225883911181884
y32=-1.14859305774416
g33=6
x33=0.0141325539625537
y33=-0.90310004895507
g34=5
x34=0.0287903700335638
y34=-0.900435921411507
g35=4
x35=20.2270184709465
y35=2.69085754671071
