[version]
version=2

[parameters]
number_of_generators=36
zoom=208.512710289096
rotation=0
local_elastic=10
global_elastic=5838.59065802481
friction=0.113334131546674
charge_squared=0.00021605015028148
shift_x=-10
shift_y=-230
time_quant=0.000261845668580326
time_frame=50

[points]
g0=0
x0=-12.0479675864229
y0=-34.6490595764851

g1=1
x1=-0.348885740144246
y1=-1.29975207259255
g2=2
x2=-0.346823146866159
y2=-1.29378475051163
g3=1
x3=-0.339235883262216
y3=-1.29154269211651
g4=3
x4=-0.2498147479374
y4=-1.02128969864188
g5=6
x5=-22.7563955929046
y5=25.5690659471052
g6=5
x6=-0.252750006220062
y6=-1.01083631925455
g7=4
x7=-0.248072891176551
y7=-1.01626909302847
g8=3
x8=-0.243841122242776
y8=-1.02104984701239
g9=2
x9=-0.150726244071115
y9=-1.12776163550682
g10=5
x10=-0.246957229991615
y10=-1.0130593420661
g11=4
x11=-0.230981825357433
y11=-1.01943827108429
g12=3
x12=-0.0932092335465125
y12=-1.07522542909346
g13=7
x13=-0.156226016520852
y13=-0.738737189197634
g14=6
x14=-0.154024566245998
y14=-0.750686054375692
g15=5
x15=-0.106963416540114
y15=-0.995493859949573
g16=4
x16=-0.0900298442532671
y16=-1.07231305296969
g17=3
x17=-0.0890540887712365
y17=-1.07652718025781
g18=2
x18=-0.0684353792322329
y18=-1.22348932716952
g19=1
x19=-0.0659546337268609
y19=-1.2407816166336
g20=0
x20=-0.0649624791394318
y20=-1.24712258430252
g21=1
x21=-0.0625653682302461
y21=-1.24018261118657
g22=2
x22=-0.0604633519762852
y22=-1.23402236310668
g23=1
x23=-0.0571940721396083
y23=-1.23922081451998
g24=3
x24=-0.0145467017304504
y24=-1.10025042520355
g25=4
x25=0.0268749359956545
y25=-0.980971878042383
g26=5
x26=0.0322522624081132
y26=-0.96851290522069
g27=7
x27=-0.152301629770237
y27=-0.743295745806578
g28=6
x28=0.0350277666115636
y28=-0.962981436422791
g29=5
x29=0.03866682787378
y29=-0.967239423581507
g30=4
x30=0.0409079504169799
y30=-0.969918206423626
g31=3
x31=0.221086759622128
y31=-1.18092814399059
g32=2
x32=0.227002666824717
y32=-1.18650874857914
g33=3
x33=0.233423957727246
y33=-1.18527834619141
g34=5
x34=0.0458254817885455
y34=-0.965763059855836
g35=4
x35=33.8156189798293
y35=5.1687288342533
