[version]
version=2

[parameters]
number_of_generators=36
zoom=7405.66109828121
rotation=0
local_elastic=10
global_elastic=40629.2984086838
friction=8.18730753077986
charge_squared=7.04927986621178E-5
shift_x=821.857614236973
shift_y=-7561.46071724049
time_quant=0.000130028710878426
time_frame=50

[points]
g0=0
x0=-0.127573472151247
y0=-1.05414267238687

g1=1
x1=-0.123003962278279
y1=-1.03429894978855
g2=2
x2=-0.12118599637367
y2=-1.02795097267872
g3=4
x3=-0.157130428844718
y3=-1.00991081145823
g4=3
x4=-0.118347877244759
y4=-1.01952283842284
g5=6
x5=-0.13328812377948
y5=-0.987949613693398
g6=5
x6=-0.121135636393263
y6=-1.0113845662409
g7=4
x7=-0.117960136149805
y7=-1.01856575614183
g8=3
x8=-0.117594586486626
y8=-1.01962106285997
g9=2
x9=-0.115812884081476
y9=-1.02630868742282
g10=1
x10=-0.115586469516628
y10=-1.02695900904849
g11=0
x11=-0.11337806131779
y11=-1.03193322027061
g12=2
x12=-0.115017107244594
y12=-1.02615701489943
g13=1
x13=-0.108747479380901
y13=-1.02559300245944
g14=3
x14=-0.111840194197336
y14=-1.01974083759151
g15=7
x15=-0.118380861202657
y15=-1.00185422220601
g16=6
x16=-0.115725952159906
y16=-1.01196175815055
g17=5
x17=-0.1153157319624
y17=-1.0128560538443
g18=4
x18=-0.111344865453684
y18=-1.01881763648829
g19=3
x19=-0.110792668943236
y19=-1.01970873151488
g20=2
x20=-0.108016677745409
y20=-1.02474911994607
g21=1
x21=-0.107724700013104
y21=-1.02545014278516
g22=0
x22=-0.0966213858555951
y22=-1.06385289036514
g23=6
x23=-0.115049615597232
y23=-1.01209115274536
g24=5
x24=-0.108369186913315
y24=-1.01389435378637
g25=7
x25=-0.113788577067486
y25=-1.00661189166758
g26=6
x26=-0.107908113349109
y26=-1.01329071316203
g27=5
x27=-0.107273130939744
y27=-1.01410565445547
g28=4
x28=-0.103650168193268
y28=-1.01925386006831
g29=3
x29=-0.103120597733795
y29=-1.01986684155583
g30=2
x30=-0.0990092905162856
y30=-1.0236913484902
g31=4
x31=-0.102670524611663
y31=-1.01934558942424
g32=3
x32=-0.092603365325955
y32=-1.02208808491268
g33=5
x33=-0.0994667695235149
y33=-1.01494740519652
g34=4
x34=-0.0731965980740167
y34=-1.0161249128418
g35=6
x35=-0.0801274938311098
y35=-0.984373739369065
