[version]
version=2

[parameters]
number_of_generators=36
zoom=589.927707658469
rotation=0
local_elastic=10
global_elastic=206.901890302145
friction=0.528657287383505
charge_squared=0.00021605015028148
shift_x=49.8392274939982
shift_y=-547.526454688343
time_quant=0.000594520547970194
time_frame=50

[points]
g0=0
x0=-0.32239044836617
y0=-1.31481854773033

g1=1
x1=-0.302359574369737
y1=-1.19627424142856
g2=2
x2=-0.288172444141707
y2=-1.10783489603171
g3=4
x3=-0.360080208269068
y3=-0.801975654051875
g4=3
x4=-0.245405165363698
y4=-0.838907748853954
g5=6
x5=-0.37952420256325
y5=-0.550047540483669
g6=5
x6=-0.254466905052289
y6=-0.805384184077979
g7=4
x7=-0.243830671291268
y7=-0.830060935275516
g8=3
x8=-0.24007779927596
y8=-0.840225776118492
g9=2
x9=-0.170053826167322
y9=-1.06530093760653
g10=1
x10=-0.168200461217362
y10=-1.07016942053606
g11=0
x11=-0.164087577858746
y11=-1.07918624330925
g12=2
x12=-0.160775163167548
y12=-1.06205663552565
g13=1
x13=-0.148034468059927
y13=-1.05762977527071
g14=7
x14=-0.286881801546827
y14=-0.626755385055446
g15=6
x15=-0.244613579569862
y15=-0.806335321546464
g16=5
x16=-0.241298503990761
y16=-0.816820735943094
g17=4
x17=-0.23156262975733
y17=-0.841724633927373
g18=3
x18=-0.144068840763978
y18=-1.04116883592918
g19=2
x19=-0.141107456217763
y19=-1.04929527042815
g20=1
x20=-0.139582159926261
y20=-1.05456908498504
g21=0
x21=-0.114131848034815
y21=-1.17230208252919
g22=4
x22=-0.0150501684129916
y22=-0.865619214958771
g23=6
x23=-0.239473328179132
y23=-0.807164610691202
g24=5
x24=-0.00948799103470342
y24=-0.858983906166966
g25=7
x25=-0.217290821576393
y25=-0.683379279461225
g26=6
x26=-0.00568058502752823
y26=-0.855021618018813
g27=5
x27=0.00119698411393662
y27=-0.860811121900355
g28=4
x28=0.0114079904639817
y28=-0.869629804282781
g29=3
x29=0.0188617414918299
y29=-0.876036847331807
g30=2
x30=0.114934316768144
y30=-0.95701593577145
g31=4
x31=0.0221534736991484
y31=-0.871995215148323
g32=3
x32=0.198772207851405
y32=-0.924988958116431
g33=5
x33=0.0279102381644558
y33=-0.863920806315979
g34=4
x34=0.311415362342384
y34=-0.882991223306179
g35=6
x35=0.0836979992781741
y35=-0.773937134192762
