[version]
version=2

[parameters]
number_of_generators=36
zoom=7.84596981031845
rotation=0
local_elastic=68.209584692908
global_elastic=2147.89746850298
friction=1.58817426106921
charge_squared=2.39390390158448E-5
shift_x=7.63342643556704
shift_y=-0.850700801216661
time_quant=0.000227637688383813
time_frame=50

[points]
g0=0
x0=-23.0571411243017
y0=-40.7724685309066

g1=1
x1=-23.0560203734449
y1=-40.7659677041857
g2=0
x2=-23.0508514838243
y2=-40.7616425841119
g3=2
x3=-20.2817307086801
y3=-25.0117194995081
g4=1
x4=-12.1667642540995
y4=-22.0563070122265
g5=6
x5=-23.0994238955888
y5=38.8320772769795
g6=7
x6=-23.0943571597566
y6=38.8278580706633
g7=6
x7=-23.0931966564396
y7=38.8212247849022
g8=5
x8=-20.236564939157
y8=22.9076861228045
g9=4
x9=-16.0009375704642
y9=-0.691713392473322
g10=3
x10=-15.9996253072673
y10=-0.699019919157937
g11=2
x11=-12.1636765443399
y11=-22.0510015130285
g12=1
x12=-12.1629721400805
y12=-22.0549253729569
g13=0
x13=-10.6808534114176
y13=-30.3150670645641
g14=4
x14=-15.9983402125364
y14=-0.691721262040874
g15=5
x15=-12.3467619453708
y15=20.0617296025403
g16=6
x16=-12.3460626402081
y16=20.0657019597549
g17=5
x17=-12.3430121858119
y17=20.0603773771818
g18=4
x18=-0.423346554345852
y18=-0.749525310601349
g19=3
x19=-0.0964017307696082
y19=-1.32025905527143
g20=2
x20=7.64560820809525
y20=-14.8357491302104
g21=1
x21=7.64690146723474
y21=-14.8380018305417
g22=2
x22=7.65257203162466
y22=-14.8332121222176
g23=4
x23=0.23437106999985
y23=-0.751953473877062
g24=3
x24=24.2156228985864
y24=-0.841620024267703
g25=7
x25=-10.8493557602876
y25=28.5609450887083
g26=6
x26=8.0592395263773
y26=12.706005233825
g27=5
x27=8.06492014236928
y27=12.701242514175
g28=4
x28=24.2186665608049
y28=-0.839049580815519
g29=3
x29=24.2217593258453
y29=-0.841642451151725
g30=2
x30=30.8362046644797
y30=-6.38848784821584
g31=6
x31=8.06622385043193
y31=12.7034872096052
g32=5
x32=30.6226534207558
y32=4.56833000000008
g33=4
x33=45.8383106958378
y33=-0.91883103408167
g34=3
x34=45.8446381140919
y34=-0.921142322027127
g35=4
x35=45.8508225198731
y35=-0.918862870665433
