[version]
version=2

[parameters]
number_of_generators=36
zoom=56.2609112471278
rotation=0
local_elastic=10
global_elastic=634.124128161799
friction=0.127783876495357
charge_squared=0.00290884262581257
shift_x=6.48162531449817
shift_y=-84.1142235863072
time_quant=0.001
time_frame=50

[points]
g0=0
x0=-17.7683338815787
y0=-38.8998356498779

g1=1
x1=-7.22760410670297
y1=-7.70100172056727
g2=2
x2=-7.19410928830806
y2=-7.60255511564808
g3=1
x3=-7.07636773179781
y3=-7.56857057338201
g4=0
x4=-2.60584587953233
y4=-6.67479230505287
g5=3
x5=-5.22923342005466
y5=-1.78790548191169
g6=2
x6=-0.247598601918061
y6=-1.38381318655518
g7=4
x7=-4.61159982780512
y7=0.0401018704830674
g8=3
x8=-0.230766401249282
y8=-1.37014330071524
g9=2
x9=-0.211373302041685
y9=-1.37731309199014
g10=1
x10=-0.120326065998863
y10=-1.41622601595831
g11=6
x11=-23.8037161644529
y11=32.7600850865006
g12=5
x12=-3.45118822352399
y12=3.47356511233233
g13=4
x13=-0.143035616882351
y13=-1.30460282056728
g14=3
x14=-0.108815465407529
y14=-1.35058961253413
g15=2
x15=-0.0976102358132021
y15=-1.3635787257725
g16=3
x16=-0.0919654556308232
y16=-1.34737599011936
g17=4
x17=-0.0637975047209019
y17=-1.24510671719712
g18=7
x18=-2.02799441380578
y18=7.98178978756775
g19=6
x19=-1.98908326055349
y19=7.78559795642327
g20=5
x20=-0.0513058890325454
y20=-1.21047194096155
g21=4
x21=-0.0478884889875283
y21=-1.23187197919751
g22=3
x22=-0.0349902479388607
y22=-1.34071612915496
g23=2
x23=-0.0230783572166353
y23=-1.43918391346844
g24=1
x24=-0.0195734924103008
y24=-1.45957955517396
g25=0
x25=0.953095282242692
y25=-5.95962980570059
g26=2
x26=0.000681845346597928
y26=-1.46734167511645
g27=1
x27=2.84071461729537
y27=-5.58014534549479
g28=7
x28=-1.95987656075496
y28=7.90394101137969
g29=6
x29=2.08682680125691
y29=3.29874001921956
g30=5
x30=3.35556197831838
y30=1.8550218375486
g31=4
x31=5.74522977690826
y31=-0.864717001218234
g32=3
x32=8.74925198728844
y32=-4.290556102808
g33=2
x33=8.83708038953462
y33=-4.37489906949226
g34=3
x34=8.93833170130441
y34=-4.35477211109436
g35=4
x35=41.0811205847986
y35=2.10765839406292
