[version]
version=2

[parameters]
number_of_generators=55
zoom=5.92985641859115
rotation=149
local_elastic=591.454698498824
global_elastic=1045.49393836453
friction=1
charge_squared=1
shift_x=39.1214413953515
shift_y=-5.58572993022127
time_quant=0.001
time_frame=50

[points]
g0=1
x0=-22.3825504687551
y0=-38.0362895662854

g1=3
x1=-18.7973471851493
y1=-10.7298627501038
g2=5
x2=-36.9844760833532
y2=5.0236723210366
g3=7
x3=-29.3206394160479
y3=23.9754203009306
g4=9
x4=-16.2799401544599
y4=54.1841226058715
g5=8
x5=-13.7273352244614
y5=13.8755225854817
g6=7
x6=-13.4559538479098
y6=9.59053313287022
g7=6
x7=-13.0599404419102
y7=3.33646216928774
g8=5
x8=-12.6556318481936
y8=-3.04965058993885
g9=4
x9=-12.4685834442137
y9=-6.00248594583868
g10=3
x10=-12.2901670815076
y10=-8.81951010528272
g11=2
x11=-11.906339609529
y11=-14.8800298283461
g12=1
x12=-11.3084458206646
y12=-24.321862033758
g13=0
x13=-10.1397790045421
y13=-42.771288677183
g14=1
x14=-2.09635627106652
y14=-12.9131631870749
g15=3
x15=-8.68566252684796
y15=-7.76120312182088
g16=5
x16=-9.78939082686289
y16=-4.00087993964813
g17=4
x17=-7.35055109569473
y17=-4.81022254754011
g18=3
x18=-3.25965525566017
y18=-6.16797657455376
g19=2
x19=-0.523724776482738
y19=-7.07590782251346
g20=1
x20=1.95336368840884
y20=-7.89780146002771
g21=3
x21=-0.0232831219815564
y21=-5.21794994158602
g22=5
x22=-5.55341499660677
y22=-0.836935924473524
g23=7
x23=-6.01098955842564
y23=2.83980383701539
g24=6
x24=-4.50662522815162
y24=1.47627657751132
g25=5
x25=-3.58040984033569
y25=0.636864673765795
g26=4
x26=0.545989413558066
y26=-3.1042048507013
g27=3
x27=2.16763516617357
y27=-4.57472231706663
g28=2
x28=3.59308100690277
y28=-5.86724959688232
g29=1
x29=8.0722647945141
y29=-9.92828814896241
g30=3
x30=5.40402762963528
y30=-3.62442203739145
g31=7
x31=-3.95509642884822
y31=2.6947037682899
g32=6
x32=-1.09716742773965
y32=2.49259727648056
g33=5
x33=1.99502883654455
y33=2.27396985053535
g34=8
x34=-2.25790071980018
y34=6.44641007830437
g35=7
x35=1.19795126988249
y35=4.20779749228714
g36=6
x36=2.32048237999395
y36=3.48101638372395
g37=5
x37=4.45179455488796
y37=2.10077551596943
g38=4
x38=8.11191992110982
y38=-0.270483386085802
g39=3
x39=10.8306485787268
y39=-2.03144574579231
g40=5
x40=9.72648482054936
y40=1.72913211263586
g41=7
x41=2.84889625901604
y41=5.44123145285608
g42=9
x42=3.37343981700479
y42=18.893667789899
g43=8
x43=5.46210988644648
y43=15.1431060223661
g44=7
x44=8.51024212887848
y44=9.66982151103028
g45=6
x45=11.6238609303057
y45=4.07908286195195
g46=5
x46=13.0636426870207
y46=1.49363508294745
g47=4
x47=14.4371233794061
y47=-0.972694833767853
g48=3
x48=17.3944070834357
y48=-6.28299362016447
g49=2
x49=21.9980290897364
y49=-14.5494049086117
g50=1
x50=31.0024862244034
y50=-30.7188648080166
g51=3
x51=38.7260656280839
y51=-20.1002380085142
g52=5
x52=20.9452356949208
y52=0.938088425596199
g53=7
x53=27.7332753525101
y53=24.0298473915941
g54=9
x54=11.0321816891334
y54=35.8214334855795
