[version]
version=2

[parameters]
number_of_generators=55
zoom=4.90374892832662
rotation=117
local_elastic=653.658532140101
global_elastic=965.112544552442
friction=1
charge_squared=1
shift_x=2.33455215907115
shift_y=-3.64559438534214
time_quant=0.001
time_frame=50

[points]
g0=1
x0=-17.9520057257672
y0=-37.1988587619594

g1=3
x1=-28.4235871492292
y1=-13.2140234628412
g2=5
x2=-31.6954092186603
y2=2.63288610099895
g3=7
x3=-38.1801936473826
y3=36.9971827853157
g4=9
x4=-18.5842600836805
y4=49.6186658611582
g5=8
x5=-15.8769006596891
y5=23.8426212275985
g6=7
x6=-14.1631060812009
y6=7.52547624036039
g7=6
x7=-13.5897469160739
y7=2.06671541287387
g8=5
x8=-13.3098445917572
y8=-0.598199488250113
g9=4
x9=-13.0242846621263
y9=-3.31718332471376
g10=3
x10=-12.3180023565567
y10=-10.0404288977059
g11=2
x11=-11.1649607830492
y11=-21.0172179673241
g12=1
x12=-10.5476779707567
y12=-26.8951729175371
g13=0
x13=-8.85351828675141
y13=-43.0224109275392
g14=1
x14=-1.31745234457723
y14=-14.0498892297504
g15=3
x15=-6.04230371091283
y15=-8.80397934273356
g16=5
x16=-9.76380702715552
y16=-1.22141521844072
g17=7
x17=-9.61340095188915
y17=1.94229707167198
g18=6
x18=-7.9729165392871
y18=-0.0705080250442031
g19=5
x19=-6.57898662831359
y19=-1.78098441853466
g20=4
x20=-4.27995432399361
y20=-4.60257903540056
g21=3
x21=-1.57404547249815
y21=-7.9232519154718
g22=2
x22=-0.171166442901946
y22=-9.64451749834453
g23=1
x23=0.901949320109562
y23=-10.9612615664149
g24=3
x24=0.376792719270284
y24=-7.53886709317239
g25=2
x25=3.85266644952327
y25=-6.85425365626592
g26=5
x26=-3.33541656221644
y26=-2.35066520725105
g27=4
x27=1.50489467345505
y27=-3.20129554039621
g28=3
x28=5.91963252005626
y28=-3.97724405192232
g29=7
x29=-5.06261769929187
y29=1.79980438638338
g30=6
x30=-1.63957968488099
y30=1.69263069798903
g31=5
x31=2.74214054405535
y31=1.55547297989722
g32=7
x32=-0.314878356734869
y32=4.85111185290849
g33=9
x33=-1.74233706434787
y33=15.5060760521448
g34=8
x34=1.44574823698488
y34=9.04899358306426
g35=7
x35=2.59481989560869
y35=6.72123260663563
g36=6
x36=3.57153867840027
y36=4.74288126533557
g37=5
x37=5.18321477236419
y37=1.47909997398355
g38=4
x38=7.07997687475402
y38=-2.36240436636667
g39=3
x39=8.0629174571202
y39=-4.35363223215872
g40=2
x40=8.81488060424288
y40=-5.87683197176376
g41=1
x41=27.3447866047283
y41=-43.4091099500853
g42=3
x42=12.5475048182558
y42=-5.14131714618466
g43=5
x43=9.73835796960283
y43=1.33669862386266
g44=7
x44=4.38561795402391
y44=7.87222812987758
g45=9
x45=2.98468013994434
y45=12.7180602012098
g46=8
x46=5.29202248190712
y46=11.3571864659114
g47=7
x47=7.64722032337326
y47=9.96811223535925
g48=6
x48=13.4717921325415
y48=6.53262868770582
g49=5
x49=22.9838571498133
y49=0.922257004579282
g50=4
x50=28.0765892803472
y50=-2.08133740350082
g51=3
x51=42.0563015684678
y51=-10.3269094230614
g52=5
x52=40.5310129366766
y52=0.373131642424161
g53=7
x53=23.0569363754569
y53=19.8718097903158
g54=9
x54=9.98975506034708
y54=29.418401337439
